9
108279571507399440659395651945074688076362401221378706580648545958263360543467201098809802671699082208985556979828647789
-1:-1	70779587
6492	7341	7354	7346
28572	30669	30688	30674
14922	15652	15669	15656
4606167572662656995739741462385108329495475747757164040978611808463116059373031233073985683826684323406449922365172139669
-1:-1	1502687
2576	3335	3351	3338
2460	2293	3291	3281
2650	3372	3381	3377
31495110750042400109854812254550375129055121194217936834507224183974466104881629618957416613947399087099978098510182327
-1:-1	-1
-1	-1	-1	-1
-1	-1	-1	-1
-1	-1	-1	-1
8998945954365211872301965528648321447489390217286011554329542928047815512233706999895496926187837189129631709094897681394591
-1:-1	-1
-1	-1	-1	-1
-1	-1	-1	-1
-1	-1	-1	-1
8889499927206867186591563004160081593161829693237104303925676323878532410062555813650853069890284719
-1:-1	-1
-1	-1	-1	-1
-1	-1	-1	-1
-1	-1	-1	-1
5003154769843638353453740563696190734503519409422149272769455573992592523175954553518500340172963423158925596801711
236840:763	8420273
7782	7986	8004	7991
3220	2852	3671	3662
11238	13810	13829	13814
594179638812617875151285541893498077141147253708062585710636172246742180826673262674321882458319750815552607
236840:763	310429271
38016	33064	49415	49403
44222	54878	54895	54881
35444	25244	25258	25250
447992281473092503403639
-1:-1	89392903
23436	18336	26168	26153
15908	12168	16159	16148
25392	29079	29098	29084
1050809056975242265204288314424371852463085745404026105740730654652377681943
-1:-1	5039
462	256	391	386
220	137	202	200
144	199	204	203
